0.000000e+00 7.911530e-01 1.343461e+00
7.880909e-01 7.911530e-01 4.825665e-17
8.004325e-01 1.005628e+00 5.074132e-17
8.266077e-01 1.268395e+00 5.844531e-17
1.109462e+00 1.900615e+00 9.607452e-17
1.250000e+00 2.956217e+00 1.530808e-16
6.470476e-01 3.205968e+00 1.530808e-16
1.056482e-16 2.516519e+00 1.056482e-16
-3.577736e-01 2.126382e+00 8.464335e-17
-6.802430e-01 1.969369e+00 8.330575e-17
-9.624117e-01 1.753565e+00 8.334062e-17
-1.218476e+00 1.494640e+00 8.615234e-17
-1.863041e+00 1.290353e+00 1.181026e-16
-1.363969e+00 7.911530e-01 8.351899e-17
-1.071361e+00 5.040828e-01 6.791611e-17
-8.647935e-01 2.918642e-01 6.114524e-17
-6.721034e-01 1.190496e-01 5.820120e-17
-4.888156e-01 -5.550052e-02 5.986265e-17
-2.824464e-01 -2.629511e-01 6.682217e-17
-2.453590e-16 -5.445190e-01 8.178632e-17
4.889818e-01 -1.033752e+00 1.156851e-16
4.941208e-01 -6.468931e-02 6.051235e-17
6.185687e-01 1.725843e-01 5.356533e-17
7.085683e-01 3.820609e-01 5.009933e-17
7.612281e-01 5.871826e-01 4.825607e-17
1.645265e-16 7.911530e-01 -1.343461e+00
0.000000e+00 0.000000e+00 0.000000e+00
0.000000e+00 0.000000e+00 0.000000e+00
0.000000e+00 0.000000e+00 0.000000e+00
0.000000e+00 0.000000e+00 0.000000e+00
0.000000e+00 0.000000e+00 0.000000e+00
0.000000e+00 0.000000e+00 0.000000e+00
0.000000e+00 0.000000e+00 0.000000e+00
0.000000e+00 0.000000e+00 0.000000e+00
0.000000e+00 0.000000e+00 0.000000e+00
0.000000e+00 0.000000e+00 0.000000e+00
0.000000e+00 0.000000e+00 0.000000e+00
0.000000e+00 0.000000e+00 0.000000e+00
0.000000e+00 0.000000e+00 0.000000e+00
0.000000e+00 0.000000e+00 0.000000e+00
0.000000e+00 0.000000e+00 0.000000e+00
0.000000e+00 0.000000e+00 0.000000e+00
0.000000e+00 0.000000e+00 0.000000e+00
0.000000e+00 0.000000e+00 0.000000e+00
0.000000e+00 0.000000e+00 0.000000e+00
0.000000e+00 0.000000e+00 0.000000e+00
0.000000e+00 0.000000e+00 0.000000e+00
0.000000e+00 0.000000e+00 0.000000e+00
0.000000e+00 0.000000e+00 0.000000e+00
0.000000e+00 0.000000e+00 0.000000e+00
