-8.727823e-01 2.694289e+00 1.181615e+00
2.087554e-01 2.694289e+00 6.622508e-17
5.502377e-01 3.075586e+00 9.020863e-17
1.292281e+00 3.944289e+00 1.530808e-16
8.949846e-01 4.462056e+00 1.530808e-16
3.772177e-01 4.859353e+00 1.530808e-16
-2.257347e-01 5.109104e+00 1.530808e-16
-8.727823e-01 5.194289e+00 1.530808e-16
-1.519830e+00 5.109104e+00 1.530808e-16
-2.122782e+00 4.859353e+00 1.530808e-16
-2.640549e+00 4.462056e+00 1.530808e-16
-3.037846e+00 3.944289e+00 1.530808e-16
-3.287597e+00 3.341337e+00 1.530808e-16
-3.372782e+00 2.694289e+00 1.530808e-16
-3.051843e+00 2.110412e+00 1.381359e-16
-2.613823e+00 1.689099e+00 1.231003e-16
-2.143139e+00 1.423932e+00 1.100073e-16
-1.683763e+00 1.289630e+00 9.931647e-17
-1.180210e+00 1.546954e+00 7.273234e-17
-8.727823e-01 1.863018e+00 5.090065e-17
-6.787042e-01 1.969980e+00 4.591571e-17
-5.005245e-01 2.049520e+00 4.558844e-17
-3.260018e-01 2.147509e+00 4.734879e-17
-2.178160e-01 2.316144e+00 4.630941e-17
-2.662223e-02 2.467561e+00 5.364011e-17
-8.727823e-01 2.694289e+00 -1.181615e+00
0.000000e+00 0.000000e+00 0.000000e+00
0.000000e+00 0.000000e+00 0.000000e+00
