-1.199332e+00 -2.894321e+00 7.706631e-01
5.566861e-02 -2.894321e+00 7.684664e-17
-2.044636e-01 -2.627746e+00 6.306709e-17
-4.263645e-01 -2.448048e+00 5.465269e-17
-5.964207e-01 -2.291409e+00 5.220948e-17
-8.473730e-01 -2.284709e+00 4.310257e-17
-1.049610e+00 -2.335550e+00 3.542178e-17
-1.199332e+00 -2.377423e+00 3.165088e-17
-1.330297e+00 -2.405555e+00 3.098401e-17
-1.455251e+00 -2.451056e+00 3.134105e-17
-1.579103e+00 -2.514550e+00 3.288649e-17
-1.662696e+00 -2.626797e+00 3.276216e-17
-1.781608e+00 -2.738300e+00 3.691188e-17
-1.920386e+00 -2.894321e+00 4.415183e-17
-2.174835e+00 -3.155706e+00 6.183947e-17
-2.916826e+00 -3.885916e+00 1.214354e-16
-2.967099e+00 -4.662088e+00 1.530808e-16
-2.449332e+00 -5.059384e+00 1.530808e-16
-1.846380e+00 -5.309135e+00 1.530808e-16
-1.199332e+00 -5.394321e+00 1.530808e-16
-5.522846e-01 -5.309135e+00 1.530808e-16
5.066780e-02 -5.059384e+00 1.530808e-16
5.684348e-01 -4.662088e+00 1.530808e-16
9.657313e-01 -4.144321e+00 1.530808e-16
5.290199e-01 -3.357431e+00 1.095644e-16
-1.199332e+00 -2.894321e+00 -7.706631e-01
