-3.629813e+00 -6.849655e-01 7.778096e-01
-3.116448e+00 -6.849655e-01 3.143454e-17
-3.108639e+00 -5.453173e-01 3.303849e-17
-3.087247e+00 -3.717151e-01 3.836211e-17
-3.118978e+00 -1.741308e-01 4.423604e-17
-3.249756e+00 -2.668809e-02 4.654352e-17
-3.406088e+00 1.499856e-01 5.292954e-17
-3.629813e+00 3.528047e-01 6.354510e-17
-4.007780e+00 7.256287e-01 8.942093e-17
-4.879813e+00 1.480098e+00 1.530808e-16
-5.397580e+00 1.082801e+00 1.530808e-16
-5.794876e+00 5.650345e-01 1.530808e-16
-6.044627e+00 -3.791791e-02 1.530808e-16
-6.129813e+00 -6.849655e-01 1.530808e-16
-6.044627e+00 -1.332013e+00 1.530808e-16
-5.794876e+00 -1.934966e+00 1.530808e-16
-5.397580e+00 -2.452732e+00 1.530808e-16
-4.627117e+00 -2.412348e+00 1.221346e-16
-3.893397e+00 -1.668676e+00 6.235975e-17
-3.629813e+00 -1.413472e+00 4.460817e-17
-3.468976e+00 -1.285218e+00 3.805142e-17
-3.359023e+00 -1.153988e+00 3.316223e-17
-3.246864e+00 -1.067914e+00 3.316168e-17
-3.178493e+00 -9.455353e-01 3.191059e-17
-3.138359e+00 -8.166502e-01 3.115444e-17
-3.629813e+00 -6.849655e-01 -7.778096e-01
0.000000e+00 0.000000e+00 0.000000e+00
0.000000e+00 0.000000e+00 0.000000e+00
0.000000e+00 0.000000e+00 0.000000e+00
