-1.769465e+00 -1.075807e+00 2.500000e+00
7.305354e-01 -1.075807e+00 1.530808e-16
4.546986e-02 -5.894970e-01 1.150530e-16
-3.121355e-01 -2.344179e-01 1.030405e-16
-6.216722e-01 7.198510e-02 9.939377e-17
-9.306868e-01 3.769984e-01 1.027206e-16
-1.287237e+00 7.238919e-01 1.140872e-16
-1.769465e+00 1.207993e+00 1.398424e-16
-2.416512e+00 1.339007e+00 1.530808e-16
-3.019465e+00 1.089256e+00 1.530808e-16
-3.537232e+00 6.919597e-01 1.530808e-16
-3.089975e+00 -3.134100e-01 9.336673e-17
-3.119696e+00 -7.140137e-01 8.559442e-17
-3.254466e+00 -1.075807e+00 9.093012e-17
-3.807008e+00 -1.621765e+00 1.291647e-16
-3.934528e+00 -2.325807e+00 1.530808e-16
-3.537232e+00 -2.843574e+00 1.530808e-16
-3.019465e+00 -3.240871e+00 1.530808e-16
-2.416512e+00 -3.490622e+00 1.530808e-16
-1.769465e+00 -2.731937e+00 1.014087e-16
-1.406363e+00 -2.430922e+00 8.590394e-17
-1.043579e+00 -2.333078e+00 8.889534e-17
-1.697617e-03 -2.843574e+00 1.530808e-16
3.955989e-01 -2.325807e+00 1.530808e-16
6.453500e-01 -1.722855e+00 1.530808e-16
-1.769465e+00 -1.075807e+00 -2.500000e+00
0.000000e+00 0.000000e+00 0.000000e+00
