2.261022e+00 4.585912e-01 2.500000e+00
4.761022e+00 4.585912e-01 1.530808e-16
4.675837e+00 1.105639e+00 1.530808e-16
4.426086e+00 1.708591e+00 1.530808e-16
4.028789e+00 2.226358e+00 1.530808e-16
3.511022e+00 2.623655e+00 1.530808e-16
2.908070e+00 2.873406e+00 1.530808e-16
2.261022e+00 2.958591e+00 1.530808e-16
1.613975e+00 2.873406e+00 1.530808e-16
1.254056e+00 2.202709e+00 1.233179e-16
1.014829e+00 1.704785e+00 1.079149e-16
8.293098e-01 1.285191e+00 1.012293e-16
7.915333e-01 8.523396e-01 9.315442e-17
7.313743e-01 4.585912e-01 9.366393e-17
5.280514e-01 -5.757002e-03 1.098572e-16
5.107203e-01 -5.519462e-01 1.237551e-16
6.554615e-01 -1.146970e+00 1.390345e-16
1.011022e+00 -1.706472e+00 1.530808e-16
1.613975e+00 -1.956223e+00 1.530808e-16
2.261022e+00 -2.041409e+00 1.530808e-16
2.908070e+00 -1.956223e+00 1.530808e-16
3.511022e+00 -1.706472e+00 1.530808e-16
4.028789e+00 -1.309176e+00 1.530808e-16
4.426086e+00 -7.914088e-01 1.530808e-16
4.675837e+00 -1.884564e-01 1.530808e-16
2.261022e+00 4.585912e-01 -2.500000e+00
0.000000e+00 0.000000e+00 0.000000e+00
0.000000e+00 0.000000e+00 0.000000e+00
0.000000e+00 0.000000e+00 0.000000e+00
